Diameter	Volume
0.375124	0.182945
0.411798	0.330454
0.452057	0.488707
0.496252	0.696871
0.544768	0.859815
0.598027	1.00288
0.656493	1.12316
0.720675	1.23379
0.791132	1.30235
0.868477	1.33838
0.953383	1.33443
1.04659	1.29813
1.14891	1.22567
1.26123	1.12333
1.38454	0.998241
1.5199	0.857667
1.66849	0.717726
1.83161	0.585486
2.01068	0.480207
2.20725	0.402334
2.42304	0.366579
2.65993	0.372093
2.91998	0.435708
3.20545	0.55332
3.51883	0.72365
3.86284	0.927226
4.24049	1.15326
4.65506	1.3929
5.11017	1.6218
5.60976	1.82132
6.1582	1.95269
6.76025	2.03282
7.42117	2.05021
8.14669	2.0418
8.94315	1.9966
9.81748	1.96339
10.7773	1.96352
11.8309	2.03455
12.9876	2.20054
14.2573	2.39975
15.6512	2.65777
17.1813	2.8574
18.861	3.0876
20.705	3.29458
22.7292	3.57672
24.9513	4.00936
27.3906	4.53985
30.0685	5.17944
33.0081	5.58818
36.2352	5.5724
39.7777	4.91161
43.6665	3.68931
47.9356	2.21583
52.622	0.95292
57.7666	0.248467
63.4141	0.0312805
69.6138	0.000960778
76.4196	0
83.8907	0
92.0923	0
101.096	0
110.979	0
121.829	0
133.74	0
146.815	0
161.168	0
176.925	0
194.222	0
213.21	0
234.054	0
256.936	0
282.056	0
309.631	0
339.902	0
373.132	0
409.611	0
449.657	0
493.617	0
541.876	0
594.852	0
653.008	0
716.849	0
786.932	0
863.866	0
948.322	0
1041.03	0
1142.81	0
1254.54	0
1377.19	0
1511.83	0
1659.63	0
1821.88	0
2000	

