Diameter	Volume
0.375124	0.297727
0.411798	0.536408
0.452057	0.79455
0.496252	1.13121
0.544768	1.39336
0.598027	1.61952
0.656493	1.81075
0.720675	1.9818
0.791132	2.08262
0.868477	2.12561
0.953383	2.10764
1.04659	2.03552
1.14891	1.90397
1.26123	1.72565
1.38454	1.52078
1.5199	1.30472
1.66849	1.09898
1.83161	0.922832
2.01068	0.807898
2.20725	0.769287
2.42304	0.822603
2.65993	0.973494
2.91998	1.2411
3.20545	1.63099
3.51883	2.13554
3.86284	2.71227
4.24049	3.31105
4.65506	3.88765
5.11017	4.39974
5.60976	4.80062
6.1582	5.02227
6.76025	5.02706
7.42117	4.8002
8.14669	4.39373
8.94315	3.87151
9.81748	3.31858
10.7773	2.79491
11.8309	2.32689
12.9876	1.92017
14.2573	1.56653
15.6512	1.32262
17.1813	1.22166
18.861	1.29738
20.705	1.48518
22.7292	1.64786
24.9513	1.61596
27.3906	1.30921
30.0685	0.787077
33.0081	0.317213
36.2352	0.0630053
39.7777	0.00510127
43.6665	0
47.9356	0
52.622	0
57.7666	0
63.4141	0
69.6138	0
76.4196	0
83.8907	0
92.0923	0
101.096	0
110.979	0
121.829	0
133.74	0
146.815	0
161.168	0
176.925	0
194.222	0
213.21	0
234.054	0
256.936	0
282.056	0
309.631	0
339.902	0
373.132	0
409.611	0
449.657	0
493.617	0
541.876	0
594.852	0
653.008	0
716.849	0
786.932	0
863.866	0
948.322	0
1041.03	0
1142.81	0
1254.54	0
1377.19	0
1511.83	0
1659.63	0
1821.88	0
2000	

