Diameter	Volume
0.375124	0.193048
0.411798	0.348469
0.452057	0.515665
0.496252	0.734489
0.544768	0.902715
0.598027	1.04793
0.656493	1.16793
0.720675	1.27607
0.791132	1.33537
0.868477	1.35711
0.953383	1.3353
1.04659	1.2786
1.14891	1.18104
1.26123	1.05184
1.38454	0.901406
1.5199	0.739882
1.66849	0.583776
1.83161	0.442771
2.01068	0.338961
2.20725	0.274277
2.42304	0.261359
2.65993	0.297253
2.91998	0.400053
3.20545	0.566898
3.51883	0.797747
3.86284	1.06631
4.24049	1.35639
4.65506	1.65093
5.11017	1.92323
5.60976	2.15359
6.1582	2.30241
6.76025	2.38167
7.42117	2.37476
8.14669	2.31797
8.94315	2.21143
9.81748	2.11358
10.7773	2.05504
11.8309	2.05837
12.9876	2.14052
14.2573	2.23796
15.6512	2.40134
17.1813	2.55791
18.861	2.78964
20.705	3.01364
22.7292	3.23567
24.9513	3.46678
27.3906	3.6833
30.0685	4.00417
33.0081	4.31133
36.2352	4.59705
39.7777	4.61988
43.6665	4.24271
47.9356	3.43596
52.622	2.31205
57.7666	1.18244
63.4141	0.399041
69.6138	0.0686639
76.4196	0.00433139
83.8907	0
92.0923	0
101.096	0
110.979	0
121.829	0
133.74	0
146.815	0
161.168	0
176.925	0
194.222	0
213.21	0
234.054	0
256.936	0
282.056	0
309.631	0
339.902	0
373.132	0
409.611	0
449.657	0
493.617	0
541.876	0
594.852	0
653.008	0
716.849	0
786.932	0
863.866	0
948.322	0
1041.03	0
1142.81	0
1254.54	0
1377.19	0
1511.83	0
1659.63	0
1821.88	0
2000	

